6433000458
8304700880
6155033511
7131472720
8189789778
7549974976
6564093461
7038933705
8555633792
6230802232
8053297182
8531119821
7242452686
7894694331
7089098083
8893876120
7913619480
7983223758
8216168197
8830462627
8596265957
6618848996
6279055628
8164257657
7968950334
7558160778
6617194058
6442403796
8081124292
8817631545
9979327355
9355485102
8468876609
6864401528
9582603725
7019652066
7723636140
8152221722
9728707670
9063604212
8425634527
6301851431
7040499649
6227552701
8274862542
6043208136
6986308315
6577138540
7894552276
6218653410
8798088407
9547767237
9345759345
6720150384
6295269698
9223232353
9532247848
7422196998
6201592484
8951632111
7584460885
9330645921
7012050337
9257183727
9488531359
9035894427
7633183519
8364045272
6481692921
7334259964
9553755743
7752068502
7405682389
7747159281
7495466948
6251218996
8369033506
9539378886
9040041996
9944723137
8083796360
6435755601
7042109910
7556533903
6902565326
9782732397
9710896253
7378187528
8867969000
9783634839
9302957556
6143311632
7039302193
6713415768
6874290237
8868873578
8163465661
6474131564
9579309923
7795002944
9429637277
7130891052
9225607970
6602710958
8403681728
7159876976
9233886837
7112056532
8894874566
9004943316
7640376540
8047615501
8302324014
9855679721
6922596196
8092363848
7135260025
7229786312
9263353176
9674754804
6885630294
7621343817
8532786923
7726397108
7349015463
7394107149
7260426748
6426602045
6296717337
6488833349
9988904125
6011183052
8558932657
7361012116
9322312280
8520527599
8838158405
6070215103
8475589098
8780520229
8822318486
7621548042
8731146971
8021742678
6769638594
8021827850
6402220845
9370704929
8342871273
6224274423
9878213820
6219445340
7616901612
7117616884
8982851608
6838461585
9440658008
6707017010
9248026303
8767873425
6411018047
9707407185
7161422476
7311995482
8136411181
8765772283
8261078997
7057132343
7549657878
8519211520
9445939057
6086878203
8149805710
6400549050
7949854307
9902031048
6976738160
9912623860
8938031753
7944861656
9025023417
9657692404
9203640153
7542094558
7942470594
6158553053
6302589472
9154197635
9870998401
9177917911
6208709152
8051998005
7419325806
6426656467
8214378713
9863126178
8535574387
7693337051
8576045435
8446210549
