9418561988
7713888816
7983713324
6365136583
8291333115
8716145096
6495392623
7084463163
7256659248
8630687079
9144015980
7233241649
6721180982
7928449302
6551062787
6545350627
6730949676
8406014508
8134077626
9474930101
9095783440
6963244586
7716184705
7980509483
9622989426
9562810463
7922488326
8365326049
6970836112
9024283112
9636838459
8760380959
6232457893
6451571293
8942545642
9662324334
6862220791
9397968389
8187919723
7001282776
7000254928
8724647740
7657915964
9177719632
7365835661
6480557603
6359428393
9651918977
6939451530
6383321204
8641974540
8707864823
6205719633
7007825283
6478356456
6944600295
8700289513
6962806682
6892648552
9999628573
9155991677
6746581748
6454714536
9736279017
6103320315
6471533762
9750487285
7206268609
9223509166
8546689412
8557521674
9087938171
9280002685
7234755411
9690825118
7952307395
8360123822
7470738168
6394128785
8773814025
6634811001
7725875621
9016517820
7519654601
8274839172
8154759907
7249790907
9493710577
9425561661
9234983532
7346780558
6343179125
7358794428
9017750881
7484867510
8453168148
6748198931
9409260322
9977792663
6449899270
9293555614
8899429419
7830321162
9906648147
7339857595
9575189898
6504542971
9984226666
7021063624
9248315592
6784877181
9521500081
8848658198
7444425453
7793227568
6543490561
8554269583
7832575188
9644875036
8855037479
9395903520
6153978806
7201804407
7067676739
8839797571
9932729529
9577493383
9637322930
7751737427
6919615852
7282354019
9461518323
9277582691
8333698756
8186476721
9285166588
8296473204
6920273690
7618930416
8572577793
7411242437
8312636698
8721074039
6685793094
6939391445
6587103422
6054406047
7376108184
9426643449
6500364078
7268080033
8819805934
9323675404
8667662333
9827837622
8004910503
6207593024
6427783666
7034864904
6971935180
7700241948
6567376207
9236352278
9078045858
6171787301
9230332084
6093959378
6847847090
8184849475
7184942119
8667515907
7740363179
7496514137
6059121683
6288203041
6372695939
9370797260
9498749513
6318105578
7155680571
9073391833
7625354192
7263747180
8425207301
8834568284
7890187431
8600677410
6286060285
9993316293
6481770524
6420297538
6951751987
8355627701
7448580141
8610100479
9757811982
8546824724
7723464704
8798631338
9878457947
