7413628182
8786638746
8400869442
8720696288
7898373136
6413933297
9762970066
7378785077
6817116992
7792135237
9516008899
6203371297
8716295427
6095637688
6042584584
8418365489
8120010789
6737601768
7983033753
7522211811
9600316258
7604702250
7290083602
6914904168
8311378322
6972776596
7837483123
8743403386
7511469822
9956787464
8163416627
9261325851
9858822687
9329796531
8841895073
7241722160
9278407515
6920132942
7868218019
7728157716
6257301505
9492602745
8710093858
8971786039
9025760713
7537147303
8761794286
9038076779
6595455557
6834525929
6410131480
8357962280
7606746020
8040369089
7415405647
7298335623
7024312588
7537059816
6442947775
7712010229
8028711307
7080450356
7098648215
7114906040
6978294597
7795213536
8986536147
8787766561
7291384115
7532549109
7321181271
7452013759
7611421671
9532504678
9221456586
6459027402
7671761795
7119816903
8145380030
6684401334
8663577556
9263067106
6403747694
8766351365
9335719875
6243347793
7299368187
6934549662
8746195462
9979604814
7747080854
9627649079
9511935560
8880949421
8752766195
7833402568
7891342120
7073655251
8567838348
9108147366
9670804771
9318035809
9753842864
9856942196
9716304177
7951591926
7532776455
8298108244
8770918642
8695123309
6130757262
8165877585
8717009936
7164713216
6955560971
6494874098
6657512116
6480695612
7494584358
7729793344
6400755612
7542551728
9601822278
7484682522
8871505851
9806148654
8968517073
8133870437
9017294995
8929989900
7270143299
7737443675
8661470754
6501280153
6236790553
9624943401
7146939131
9787075528
9673684841
6992370233
9437152836
7955470568
7745593584
8526379455
6169336179
6269830534
7299009768
8377480224
6318142253
7464782182
6917255479
6615702853
8913718226
7470548920
8225679858
8971058001
7055843007
6408305295
7535797902
8099007026
7682663834
8326763054
8547307699
9967156267
7486371235
6333008357
9201677695
6946520633
6689022357
6569538307
9135896514
9066941894
9000887806
7310448721
6530262551
8496925685
9194589260
9341851985
7656247116
7975725141
6380142898
6663297455
6750845563
7375705798
6611709753
9758526459
8949332009
7117076876
7326535284
9606815628
7500194601
8887306537
8194984335
9178152061
7434864033
7974524961
8186733735
8286747238
6052681415
6125356192
